0.0	0.744	0.727	0.722	0.591	0.48	0.544	0.576	0.306	0.0	0.0	0.243	0.262	0.276	0.251	0.261	0.399	0.259	0.242	0.248	0.241	0.271	0.287	0.282	0.275	0.287	0.31	0.317	0.243	0.242	0.25	0.23	0.227	0.244	0.248	0.247	0.0	0.0	0.0	0.0	0.0	0.0	0.0	0.0	0.0	0.0	0.0	0.0	0.0	0.0	0.248	0.239	0.0	0.224	0.0	0.0	0.0	0.254	0.25	0.246	0.0	0.253	0.227	0.232	0.222	0.234	0.233	0.0	0.245	0.0	0.279	0.0	0.0	0.232	0.254	0.23	0.262	0.251	0.0	0.0	0.0	0.256	0.255	0.244	0.264	0.0	0.0	0.0	0.0	0.0	0.258	0.0	0.0	0.246	0.0	0.0	0.257	0.247	0.0	0.243
0.744	0.0	0.863	0.856	0.561	0.46	0.52	0.558	0.294	0.0	0.0	0.224	0.235	0.256	0.235	0.248	0.361	0.256	0.252	0.235	0.244	0.263	0.261	0.271	0.259	0.29	0.305	0.294	0.233	0.242	0.27	0.228	0.234	0.233	0.229	0.0	0.0	0.0	0.0	0.0	0.0	0.0	0.0	0.0	0.0	0.0	0.0	0.0	0.0	0.0	0.229	0.227	0.0	0.0	0.0	0.0	0.0	0.23	0.238	0.0	0.0	0.251	0.228	0.235	0.257	0.238	0.21	0.244	0.237	0.0	0.271	0.0	0.213	0.241	0.246	0.234	0.0	0.487	0.0	0.0	0.234	0.257	0.241	0.236	0.266	0.0	0.0	0.223	0.0	0.0	0.251	0.238	0.0	0.276	0.0	0.0	0.253	0.0	0.301	0.258
0.727	0.863	0.0	0.924	0.553	0.457	0.516	0.543	0.29	0.0	0.0	0.233	0.237	0.262	0.238	0.254	0.357	0.258	0.249	0.237	0.23	0.266	0.259	0.27	0.27	0.284	0.295	0.289	0.24	0.229	0.245	0.223	0.215	0.235	0.221	0.0	0.0	0.0	0.0	0.0	0.0	0.0	0.0	0.0	0.0	0.0	0.0	0.0	0.0	0.0	0.0	0.234	0.0	0.0	0.0	0.0	0.0	0.235	0.247	0.276	0.0	0.219	0.23	0.266	0.268	0.23	0.213	0.22	0.236	0.0	0.267	0.222	0.22	0.243	0.241	0.236	0.333	0.326	0.0	0.0	0.289	0.243	0.231	0.241	0.262	0.0	0.0	0.0	0.0	0.0	0.262	0.234	0.0	0.287	0.0	0.0	0.252	0.0	0.0	0.24
0.722	0.856	0.924	0.0	0.548	0.451	0.508	0.543	0.284	0.0	0.0	0.229	0.232	0.27	0.237	0.256	0.361	0.26	0.251	0.242	0.236	0.265	0.264	0.265	0.264	0.283	0.301	0.297	0.225	0.233	0.249	0.244	0.218	0.24	0.0	0.233	0.0	0.0	0.0	0.0	0.0	0.0	0.0	0.0	0.0	0.0	0.0	0.0	0.0	0.0	0.0	0.238	0.0	0.0	0.0	0.0	0.0	0.231	0.244	0.258	0.0	0.245	0.28	0.0	0.304	0.258	0.0	0.241	0.234	0.0	0.267	0.22	0.22	0.263	0.244	0.232	0.324	0.319	0.0	0.0	0.278	0.242	0.225	0.235	0.258	0.0	0.0	0.0	0.0	0.0	0.274	0.233	0.0	0.296	0.0	0.0	0.249	0.0	0.0	0.248
0.591	0.561	0.553	0.548	0.0	0.719	0.817	0.873	0.405	0.257	0.253	0.297	0.302	0.354	0.308	0.336	0.529	0.316	0.296	0.299	0.284	0.375	0.378	0.375	0.361	0.361	0.409	0.417	0.288	0.278	0.278	0.279	0.25	0.287	0.248	0.228	0.0	0.253	0.263	0.0	0.0	0.0	0.0	0.0	0.0	0.0	0.0	0.0	0.0	0.0	0.273	0.253	0.229	0.259	0.26	0.0	0.242	0.265	0.282	0.248	0.23	0.25	0.243	0.242	0.244	0.26	0.262	0.246	0.264	0.257	0.344	0.248	0.257	0.262	0.302	0.253	0.251	0.251	0.24	0.219	0.252	0.298	0.289	0.277	0.313	0.264	0.0	0.23	0.0	0.0	0.299	0.265	0.233	0.283	0.231	0.244	0.3	0.281	0.273	0.254
0.48	0.46	0.457	0.451	0.719	0.0	0.801	0.793	0.333	0.203	0.0	0.259	0.277	0.285	0.256	0.296	0.427	0.276	0.256	0.266	0.256	0.317	0.319	0.312	0.294	0.298	0.342	0.345	0.256	0.251	0.257	0.239	0.225	0.254	0.249	0.217	0.0	0.0	0.0	0.0	0.0	0.0	0.0	0.0	0.0	0.0	0.0	0.0	0.0	0.0	0.249	0.229	0.0	0.0	0.273	0.0	0.263	0.236	0.256	0.204	0.223	0.229	0.219	0.218	0.252	0.221	0.253	0.283	0.24	0.414	0.287	0.0	0.238	0.235	0.261	0.258	0.25	0.244	0.0	0.0	0.239	0.264	0.247	0.249	0.271	0.242	0.0	0.0	0.0	0.0	0.278	0.257	0.205	0.254	0.0	0.0	0.257	0.259	0.24	0.246
0.544	0.52	0.516	0.508	0.817	0.801	0.0	0.902	0.375	0.234	0.244	0.281	0.282	0.331	0.282	0.31	0.49	0.31	0.287	0.284	0.271	0.345	0.348	0.35	0.337	0.338	0.379	0.388	0.277	0.271	0.275	0.268	0.241	0.264	0.251	0.231	0.0	0.239	0.0	0.0	0.0	0.0	0.0	0.0	0.0	0.0	0.0	0.0	0.0	0.0	0.255	0.236	0.214	0.229	0.0	0.0	0.228	0.247	0.268	0.238	0.234	0.249	0.231	0.22	0.22	0.246	0.248	0.24	0.259	0.253	0.32	0.225	0.235	0.245	0.278	0.253	0.256	0.247	0.246	0.219	0.248	0.269	0.264	0.26	0.281	0.26	0.233	0.219	0.0	0.0	0.255	0.263	0.214	0.264	0.221	0.245	0.275	0.264	0.259	0.239
0.576	0.558	0.543	0.543	0.873	0.793	0.902	0.0	0.39	0.246	0.254	0.286	0.305	0.347	0.299	0.327	0.512	0.311	0.296	0.287	0.271	0.364	0.357	0.363	0.352	0.359	0.405	0.418	0.295	0.293	0.277	0.28	0.256	0.28	0.245	0.221	0.0	0.233	0.221	0.0	0.0	0.0	0.0	0.0	0.0	0.0	0.0	0.0	0.0	0.0	0.276	0.251	0.214	0.243	0.229	0.0	0.237	0.253	0.27	0.245	0.252	0.247	0.246	0.231	0.234	0.255	0.253	0.251	0.27	0.251	0.341	0.233	0.243	0.264	0.3	0.248	0.246	0.252	0.225	0.225	0.25	0.289	0.284	0.268	0.304	0.265	0.248	0.228	0.0	0.233	0.283	0.259	0.23	0.257	0.232	0.25	0.284	0.279	0.276	0.274
0.306	0.294	0.29	0.284	0.405	0.333	0.375	0.39	0.0	0.444	0.413	0.603	0.668	0.735	0.572	0.677	0.692	0.402	0.376	0.389	0.354	0.485	0.513	0.49	0.443	0.295	0.317	0.329	0.238	0.225	0.229	0.246	0.211	0.231	0.0	0.0	0.0	0.0	0.0	0.0	0.0	0.0	0.0	0.0	0.0	0.0	0.0	0.0	0.0	0.0	0.266	0.259	0.0	0.227	0.0	0.0	0.226	0.242	0.248	0.218	0.225	0.251	0.249	0.244	0.238	0.239	0.252	0.249	0.272	0.25	0.294	0.235	0.236	0.239	0.262	0.236	0.235	0.234	0.0	0.0	0.0	0.254	0.254	0.244	0.272	0.0	0.0	0.0	0.0	0.0	0.243	0.241	0.0	0.0	0.0	0.0	0.251	0.27	0.228	0.243
0.0	0.0	0.0	0.0	0.257	0.203	0.234	0.246	0.444	0.0	0.807	0.687	0.408	0.387	0.303	0.349	0.346	0.244	0.233	0.245	0.234	0.245	0.266	0.259	0.243	0.0	0.255	0.229	0.0	0.0	0.0	0.0	0.0	0.0	0.0	0.0	0.0	0.0	0.0	0.0	0.0	0.0	0.0	0.0	0.0	0.0	0.0	0.0	0.0	0.0	0.0	0.0	0.0	0.0	0.0	0.0	0.0	0.0	0.0	0.0	0.0	0.0	0.0	0.0	0.0	0.0	0.0	0.0	0.0	0.0	0.275	0.0	0.0	0.0	0.0	0.0	0.0	0.0	0.0	0.0	0.0	0.0	0.0	0.0	0.0	0.0	0.0	0.0	0.0	0.0	0.0	0.0	0.0	0.0	0.0	0.0	0.0	0.0	0.0	0.0
0.0	0.0	0.0	0.0	0.253	0.0	0.244	0.254	0.413	0.807	0.0	0.633	0.376	0.353	0.293	0.334	0.322	0.228	0.228	0.236	0.25	0.255	0.256	0.251	0.226	0.0	0.0	0.243	0.0	0.0	0.0	0.0	0.0	0.0	0.0	0.0	0.0	0.0	0.0	0.0	0.0	0.0	0.0	0.0	0.0	0.0	0.0	0.0	0.0	0.0	0.0	0.0	0.0	0.0	0.0	0.0	0.0	0.0	0.0	0.0	0.0	0.0	0.0	0.0	0.0	0.0	0.0	0.0	0.0	0.0	0.0	0.0	0.0	0.0	0.0	0.0	0.0	0.0	0.0	0.0	0.0	0.0	0.0	0.0	0.0	0.0	0.0	0.0	0.0	0.0	0.0	0.0	0.0	0.0	0.0	0.0	0.0	0.0	0.0	0.0
0.243	0.224	0.233	0.229	0.297	0.259	0.281	0.286	0.603	0.687	0.633	0.0	0.549	0.501	0.403	0.451	0.451	0.287	0.281	0.294	0.276	0.326	0.343	0.337	0.315	0.26	0.255	0.273	0.214	0.231	0.256	0.224	0.0	0.228	0.0	0.0	0.0	0.0	0.0	0.0	0.0	0.0	0.0	0.0	0.0	0.0	0.0	0.0	0.0	0.0	0.212	0.22	0.0	0.0	0.0	0.0	0.0	0.0	0.225	0.0	0.0	0.0	0.0	0.219	0.0	0.0	0.23	0.266	0.0	0.224	0.247	0.0	0.0	0.24	0.221	0.0	0.0	0.0	0.0	0.0	0.0	0.235	0.0	0.0	0.256	0.0	0.0	0.0	0.0	0.0	0.0	0.0	0.0	0.0	0.0	0.0	0.0	0.0	0.0	0.0
0.262	0.235	0.237	0.232	0.302	0.277	0.282	0.305	0.668	0.408	0.376	0.549	0.0	0.516	0.406	0.476	0.495	0.311	0.288	0.294	0.275	0.337	0.37	0.362	0.334	0.276	0.267	0.264	0.0	0.0	0.0	0.223	0.254	0.0	0.0	0.0	0.0	0.0	0.0	0.0	0.0	0.0	0.0	0.0	0.0	0.0	0.0	0.0	0.0	0.0	0.256	0.0	0.0	0.0	0.0	0.0	0.0	0.26	0.232	0.0	0.0	0.0	0.229	0.0	0.0	0.218	0.341	0.228	0.219	0.262	0.246	0.0	0.0	0.222	0.213	0.0	0.0	0.0	0.0	0.0	0.0	0.273	0.261	0.258	0.254	0.0	0.0	0.0	0.0	0.0	0.0	0.0	0.0	0.0	0.0	0.0	0.0	0.0	0.0	0.0
0.276	0.256	0.262	0.27	0.354	0.285	0.331	0.347	0.735	0.387	0.353	0.501	0.516	0.0	0.64	0.748	0.581	0.348	0.325	0.337	0.317	0.39	0.428	0.4	0.364	0.265	0.281	0.284	0.236	0.218	0.22	0.224	0.0	0.227	0.32	0.0	0.0	0.0	0.0	0.0	0.0	0.0	0.0	0.0	0.0	0.0	0.0	0.0	0.0	0.0	0.226	0.223	0.0	0.0	0.0	0.0	0.0	0.0	0.251	0.0	0.0	0.211	0.0	0.0	0.217	0.206	0.218	0.232	0.233	0.241	0.262	0.245	0.225	0.264	0.237	0.0	0.0	0.225	0.0	0.0	0.0	0.233	0.255	0.233	0.242	0.0	0.0	0.0	0.0	0.0	0.0	0.0	0.0	0.0	0.0	0.0	0.0	0.0	0.0	0.0
0.251	0.235	0.238	0.237	0.308	0.256	0.282	0.299	0.572	0.303	0.293	0.403	0.406	0.64	0.0	0.757	0.472	0.293	0.276	0.288	0.289	0.328	0.347	0.338	0.301	0.217	0.257	0.248	0.261	0.275	0.285	0.252	0.0	0.228	0.0	0.0	0.0	0.0	0.0	0.0	0.0	0.0	0.0	0.0	0.0	0.0	0.0	0.0	0.0	0.0	0.271	0.218	0.0	0.0	0.0	0.0	0.0	0.215	0.228	0.0	0.0	0.0	0.0	0.0	0.0	0.0	0.0	0.211	0.225	0.0	0.241	0.0	0.0	0.0	0.243	0.0	0.0	0.0	0.0	0.0	0.0	0.21	0.213	0.0	0.207	0.0	0.0	0.0	0.0	0.0	0.0	0.0	0.0	0.0	0.0	0.0	0.0	0.0	0.0	0.0
0.261	0.248	0.254	0.256	0.336	0.296	0.31	0.327	0.677	0.349	0.334	0.451	0.476	0.748	0.757	0.0	0.547	0.335	0.32	0.315	0.31	0.368	0.394	0.382	0.365	0.26	0.285	0.29	0.319	0.232	0.326	0.285	0.0	0.262	0.308	0.0	0.0	0.0	0.0	0.0	0.0	0.0	0.0	0.0	0.0	0.0	0.0	0.0	0.0	0.0	0.234	0.219	0.0	0.236	0.0	0.0	0.21	0.25	0.242	0.0	0.0	0.225	0.244	0.227	0.0	0.0	0.0	0.208	0.23	0.0	0.276	0.231	0.228	0.0	0.243	0.212	0.245	0.203	0.0	0.0	0.0	0.236	0.238	0.241	0.232	0.0	0.0	0.0	0.0	0.0	0.0	0.0	0.0	0.0	0.0	0.0	0.239	0.0	0.0	0.0
0.399	0.361	0.357	0.361	0.529	0.427	0.49	0.512	0.692	0.346	0.322	0.451	0.495	0.581	0.472	0.547	0.0	0.528	0.485	0.517	0.478	0.629	0.669	0.64	0.594	0.377	0.413	0.432	0.293	0.275	0.274	0.292	0.259	0.29	0.263	0.256	0.0	0.0	0.0	0.0	0.0	0.0	0.23	0.0	0.0	0.0	0.0	0.0	0.0	0.0	0.263	0.27	0.235	0.236	0.201	0.272	0.244	0.275	0.289	0.255	0.257	0.281	0.273	0.275	0.266	0.259	0.268	0.266	0.287	0.288	0.366	0.26	0.257	0.262	0.303	0.223	0.245	0.251	0.241	0.241	0.271	0.296	0.298	0.279	0.335	0.25	0.245	0.251	0.0	0.0	0.262	0.242	0.243	0.262	0.238	0.248	0.253	0.253	0.26	0.267
0.259	0.256	0.258	0.26	0.316	0.276	0.31	0.311	0.402	0.244	0.228	0.287	0.311	0.348	0.293	0.335	0.528	0.0	0.865	0.732	0.656	0.486	0.508	0.48	0.448	0.241	0.259	0.26	0.0	0.247	0.0	0.0	0.0	0.274	0.241	0.0	0.0	0.0	0.0	0.0	0.0	0.0	0.0	0.0	0.0	0.0	0.0	0.0	0.0	0.0	0.242	0.231	0.0	0.0	0.0	0.0	0.0	0.247	0.235	0.0	0.0	0.0	0.234	0.239	0.245	0.241	0.251	0.0	0.248	0.247	0.25	0.0	0.0	0.239	0.252	0.0	0.0	0.0	0.0	0.0	0.0	0.0	0.233	0.0	0.241	0.0	0.0	0.0	0.0	0.0	0.0	0.0	0.0	0.0	0.0	0.0	0.0	0.0	0.0	0.0
0.242	0.252	0.249	0.251	0.296	0.256	0.287	0.296	0.376	0.233	0.228	0.281	0.288	0.325	0.276	0.32	0.485	0.865	0.0	0.67	0.601	0.444	0.465	0.432	0.41	0.244	0.25	0.258	0.0	0.0	0.0	0.0	0.0	0.0	0.0	0.0	0.0	0.0	0.0	0.0	0.0	0.0	0.0	0.0	0.0	0.0	0.0	0.0	0.0	0.0	0.0	0.0	0.0	0.0	0.0	0.0	0.0	0.0	0.241	0.0	0.0	0.0	0.0	0.0	0.37	0.279	0.258	0.0	0.26	0.25	0.243	0.0	0.0	0.215	0.245	0.0	0.0	0.0	0.0	0.0	0.0	0.0	0.225	0.0	0.231	0.0	0.0	0.0	0.0	0.0	0.0	0.0	0.0	0.0	0.0	0.0	0.0	0.0	0.0	0.0
0.248	0.235	0.237	0.242	0.299	0.266	0.284	0.287	0.389	0.245	0.236	0.294	0.294	0.337	0.288	0.315	0.517	0.732	0.67	0.0	0.67	0.471	0.505	0.484	0.449	0.255	0.26	0.256	0.0	0.0	0.0	0.0	0.0	0.263	0.0	0.0	0.0	0.0	0.0	0.0	0.0	0.0	0.0	0.0	0.0	0.0	0.0	0.0	0.0	0.0	0.0	0.0	0.0	0.0	0.0	0.0	0.0	0.0	0.229	0.22	0.238	0.0	0.229	0.0	0.225	0.27	0.268	0.0	0.259	0.259	0.24	0.243	0.0	0.244	0.217	0.0	0.0	0.0	0.0	0.0	0.0	0.203	0.244	0.241	0.246	0.0	0.0	0.0	0.0	0.0	0.0	0.0	0.0	0.0	0.0	0.0	0.0	0.0	0.0	0.0
0.241	0.244	0.23	0.236	0.284	0.256	0.271	0.271	0.354	0.234	0.25	0.276	0.275	0.317	0.289	0.31	0.478	0.656	0.601	0.67	0.0	0.429	0.459	0.436	0.399	0.232	0.241	0.253	0.0	0.0	0.0	0.0	0.0	0.0	0.0	0.0	0.0	0.0	0.0	0.0	0.0	0.0	0.0	0.0	0.0	0.0	0.0	0.0	0.0	0.0	0.0	0.206	0.0	0.0	0.0	0.0	0.0	0.235	0.0	0.0	0.0	0.0	0.0	0.246	0.0	0.251	0.392	0.0	0.0	0.274	0.259	0.0	0.0	0.0	0.278	0.0	0.0	0.0	0.0	0.0	0.0	0.216	0.223	0.0	0.245	0.0	0.0	0.0	0.0	0.0	0.0	0.0	0.0	0.0	0.0	0.0	0.0	0.0	0.0	0.0
0.271	0.263	0.266	0.265	0.375	0.317	0.345	0.364	0.485	0.245	0.255	0.326	0.337	0.39	0.328	0.368	0.629	0.486	0.444	0.471	0.429	0.0	0.808	0.54	0.492	0.28	0.298	0.315	0.226	0.228	0.212	0.229	0.206	0.223	0.0	0.23	0.0	0.0	0.0	0.0	0.0	0.0	0.0	0.0	0.0	0.0	0.0	0.0	0.0	0.0	0.235	0.216	0.0	0.0	0.0	0.0	0.0	0.269	0.248	0.0	0.0	0.0	0.327	0.0	0.326	0.222	0.297	0.0	0.308	0.236	0.262	0.0	0.0	0.22	0.23	0.241	0.0	0.0	0.0	0.0	0.253	0.278	0.237	0.231	0.276	0.0	0.0	0.0	0.0	0.0	0.0	0.0	0.0	0.0	0.0	0.0	0.0	0.0	0.0	0.0
0.287	0.261	0.259	0.264	0.378	0.319	0.348	0.357	0.513	0.266	0.256	0.343	0.37	0.428	0.347	0.394	0.669	0.508	0.465	0.505	0.459	0.808	0.0	0.583	0.534	0.283	0.316	0.312	0.241	0.234	0.25	0.258	0.232	0.229	0.0	0.249	0.0	0.0	0.0	0.0	0.0	0.0	0.0	0.0	0.0	0.0	0.0	0.0	0.0	0.0	0.237	0.231	0.0	0.0	0.0	0.0	0.0	0.256	0.256	0.227	0.238	0.225	0.238	0.235	0.235	0.248	0.246	0.236	0.273	0.253	0.278	0.214	0.0	0.227	0.248	0.237	0.215	0.227	0.0	0.0	0.0	0.266	0.26	0.241	0.271	0.0	0.0	0.0	0.0	0.0	0.227	0.236	0.0	0.21	0.0	0.0	0.237	0.0	0.0	0.23
0.282	0.271	0.27	0.265	0.375	0.312	0.35	0.363	0.49	0.259	0.251	0.337	0.362	0.4	0.338	0.382	0.64	0.48	0.432	0.484	0.436	0.54	0.583	0.0	0.668	0.274	0.305	0.321	0.236	0.231	0.236	0.255	0.233	0.238	0.0	0.0	0.0	0.0	0.0	0.0	0.0	0.0	0.0	0.0	0.0	0.0	0.0	0.0	0.0	0.0	0.216	0.227	0.0	0.0	0.0	0.0	0.0	0.263	0.244	0.253	0.206	0.23	0.271	0.0	0.279	0.252	0.284	0.212	0.231	0.0	0.273	0.0	0.222	0.23	0.259	0.0	0.0	0.0	0.0	0.0	0.0	0.259	0.25	0.255	0.275	0.0	0.0	0.0	0.0	0.0	0.0	0.0	0.0	0.0	0.0	0.0	0.0	0.0	0.0	0.0
0.275	0.259	0.27	0.264	0.361	0.294	0.337	0.352	0.443	0.243	0.226	0.315	0.334	0.364	0.301	0.365	0.594	0.448	0.41	0.449	0.399	0.492	0.534	0.668	0.0	0.264	0.282	0.294	0.232	0.247	0.236	0.245	0.0	0.238	0.0	0.0	0.0	0.0	0.0	0.0	0.0	0.0	0.0	0.0	0.0	0.0	0.0	0.0	0.0	0.0	0.24	0.0	0.0	0.0	0.0	0.0	0.0	0.0	0.224	0.0	0.0	0.0	0.0	0.0	0.266	0.0	0.265	0.0	0.0	0.234	0.265	0.0	0.0	0.23	0.281	0.0	0.0	0.0	0.0	0.0	0.0	0.23	0.249	0.238	0.259	0.0	0.0	0.0	0.0	0.0	0.323	0.0	0.0	0.0	0.0	0.0	0.307	0.321	0.322	0.0
0.287	0.29	0.284	0.283	0.361	0.298	0.338	0.359	0.295	0.0	0.0	0.26	0.276	0.265	0.217	0.26	0.377	0.241	0.244	0.255	0.232	0.28	0.283	0.274	0.264	0.0	0.624	0.646	0.37	0.353	0.363	0.358	0.319	0.369	0.314	0.265	0.232	0.25	0.25	0.23	0.236	0.228	0.247	0.249	0.239	0.226	0.247	0.201	0.0	0.0	0.251	0.255	0.237	0.243	0.21	0.0	0.236	0.258	0.281	0.229	0.237	0.262	0.264	0.271	0.261	0.259	0.253	0.263	0.273	0.254	0.343	0.252	0.251	0.254	0.296	0.251	0.251	0.253	0.243	0.22	0.234	0.287	0.283	0.27	0.317	0.246	0.237	0.235	0.0	0.0	0.285	0.253	0.232	0.273	0.239	0.243	0.257	0.249	0.263	0.262
0.31	0.305	0.295	0.301	0.409	0.342	0.379	0.405	0.317	0.255	0.0	0.255	0.267	0.281	0.257	0.285	0.413	0.259	0.25	0.26	0.241	0.298	0.316	0.305	0.282	0.624	0.0	0.78	0.419	0.393	0.387	0.394	0.354	0.434	0.336	0.289	0.228	0.259	0.269	0.254	0.235	0.255	0.238	0.238	0.238	0.232	0.23	0.217	0.23	0.219	0.296	0.29	0.248	0.261	0.233	0.226	0.246	0.289	0.311	0.265	0.247	0.272	0.279	0.283	0.294	0.268	0.266	0.288	0.294	0.277	0.407	0.27	0.279	0.312	0.331	0.27	0.253	0.268	0.254	0.25	0.238	0.328	0.32	0.306	0.354	0.283	0.255	0.262	0.0	0.231	0.293	0.275	0.251	0.282	0.28	0.269	0.282	0.255	0.28	0.271
0.317	0.294	0.289	0.297	0.417	0.345	0.388	0.418	0.329	0.229	0.243	0.273	0.264	0.284	0.248	0.29	0.432	0.26	0.258	0.256	0.253	0.315	0.312	0.321	0.294	0.646	0.78	0.0	0.442	0.415	0.408	0.415	0.375	0.455	0.342	0.298	0.251	0.275	0.276	0.249	0.263	0.237	0.256	0.242	0.241	0.255	0.238	0.213	0.233	0.0	0.283	0.291	0.243	0.248	0.237	0.243	0.272	0.277	0.316	0.258	0.255	0.273	0.275	0.282	0.288	0.283	0.274	0.285	0.309	0.283	0.426	0.271	0.292	0.299	0.354	0.262	0.264	0.275	0.258	0.26	0.259	0.339	0.333	0.309	0.357	0.277	0.245	0.259	0.0	0.237	0.302	0.284	0.251	0.288	0.26	0.273	0.265	0.26	0.275	0.272
0.243	0.233	0.24	0.225	0.288	0.256	0.277	0.295	0.238	0.0	0.0	0.214	0.0	0.236	0.261	0.319	0.293	0.0	0.0	0.0	0.0	0.226	0.241	0.236	0.232	0.37	0.419	0.442	0.0	0.817	0.702	0.73	0.644	0.447	0.368	0.298	0.244	0.269	0.275	0.247	0.255	0.223	0.248	0.221	0.237	0.228	0.22	0.203	0.21	0.0	0.229	0.225	0.0	0.0	0.0	0.0	0.0	0.226	0.238	0.231	0.231	0.229	0.229	0.219	0.238	0.234	0.216	0.256	0.242	0.251	0.288	0.225	0.218	0.223	0.244	0.233	0.0	0.228	0.0	0.0	0.228	0.249	0.262	0.281	0.274	0.287	0.0	0.0	0.0	0.0	0.242	0.237	0.0	0.247	0.0	0.238	0.248	0.242	0.231	0.248
0.242	0.242	0.229	0.233	0.278	0.251	0.271	0.293	0.225	0.0	0.0	0.231	0.0	0.218	0.275	0.232	0.275	0.247	0.0	0.0	0.0	0.228	0.234	0.231	0.247	0.353	0.393	0.415	0.817	0.0	0.634	0.67	0.587	0.415	0.347	0.285	0.233	0.256	0.265	0.236	0.249	0.222	0.239	0.227	0.228	0.22	0.22	0.19	0.202	0.223	0.222	0.242	0.0	0.0	0.0	0.0	0.216	0.228	0.25	0.23	0.243	0.233	0.223	0.255	0.238	0.227	0.235	0.219	0.237	0.0	0.283	0.222	0.223	0.23	0.243	0.221	0.0	0.263	0.0	0.0	0.315	0.245	0.246	0.266	0.247	0.272	0.0	0.0	0.0	0.0	0.236	0.231	0.0	0.235	0.215	0.236	0.246	0.256	0.246	0.24
0.25	0.27	0.245	0.249	0.278	0.257	0.275	0.277	0.229	0.0	0.0	0.256	0.0	0.22	0.285	0.326	0.274	0.0	0.0	0.0	0.0	0.212	0.25	0.236	0.236	0.363	0.387	0.408	0.702	0.634	0.0	0.801	0.64	0.416	0.333	0.279	0.234	0.259	0.257	0.245	0.236	0.227	0.241	0.227	0.223	0.227	0.219	0.208	0.221	0.0	0.336	0.294	0.0	0.0	0.0	0.0	0.0	0.229	0.235	0.24	0.229	0.234	0.225	0.0	0.291	0.264	0.0	0.0	0.233	0.0	0.288	0.228	0.217	0.226	0.239	0.262	0.0	0.218	0.0	0.0	0.0	0.248	0.239	0.222	0.268	0.0	0.0	0.0	0.0	0.0	0.232	0.235	0.0	0.243	0.0	0.0	0.244	0.235	0.232	0.231
0.23	0.228	0.223	0.244	0.279	0.239	0.268	0.28	0.246	0.0	0.0	0.224	0.223	0.224	0.252	0.285	0.292	0.0	0.0	0.0	0.0	0.229	0.258	0.255	0.245	0.358	0.394	0.415	0.73	0.67	0.801	0.0	0.66	0.425	0.343	0.279	0.241	0.273	0.266	0.253	0.256	0.212	0.24	0.234	0.23	0.222	0.23	0.227	0.234	0.212	0.217	0.239	0.0	0.197	0.0	0.0	0.0	0.225	0.241	0.25	0.222	0.231	0.239	0.231	0.227	0.237	0.0	0.221	0.24	0.0	0.287	0.23	0.227	0.233	0.248	0.255	0.214	0.243	0.0	0.0	0.32	0.253	0.25	0.244	0.255	0.0	0.0	0.0	0.0	0.244	0.231	0.234	0.0	0.229	0.257	0.223	0.246	0.242	0.237	0.224
0.227	0.234	0.215	0.218	0.25	0.225	0.241	0.256	0.211	0.0	0.0	0.0	0.254	0.0	0.0	0.0	0.259	0.0	0.0	0.0	0.0	0.206	0.232	0.233	0.0	0.319	0.354	0.375	0.644	0.587	0.64	0.66	0.0	0.387	0.317	0.258	0.25	0.26	0.268	0.236	0.254	0.0	0.261	0.235	0.229	0.218	0.214	0.227	0.231	0.266	0.206	0.232	0.0	0.226	0.205	0.0	0.209	0.233	0.255	0.215	0.0	0.225	0.241	0.245	0.25	0.232	0.0	0.339	0.338	0.0	0.259	0.0	0.223	0.226	0.228	0.263	0.21	0.268	0.0	0.0	0.0	0.243	0.257	0.258	0.261	0.0	0.0	0.0	0.0	0.0	0.226	0.325	0.0	0.241	0.0	0.227	0.243	0.271	0.243	0.216
0.244	0.233	0.235	0.24	0.287	0.254	0.264	0.28	0.231	0.0	0.0	0.228	0.0	0.227	0.228	0.262	0.29	0.274	0.0	0.263	0.0	0.223	0.229	0.238	0.238	0.369	0.434	0.455	0.447	0.415	0.416	0.425	0.387	0.0	0.602	0.511	0.367	0.432	0.433	0.372	0.359	0.302	0.391	0.346	0.316	0.278	0.359	0.297	0.295	0.303	0.283	0.241	0.0	0.23	0.0	0.0	0.22	0.265	0.25	0.215	0.249	0.286	0.232	0.245	0.236	0.23	0.223	0.234	0.247	0.243	0.303	0.228	0.229	0.241	0.255	0.212	0.216	0.228	0.0	0.0	0.242	0.256	0.245	0.303	0.271	0.0	0.0	0.0	0.0	0.0	0.247	0.224	0.235	0.266	0.261	0.271	0.279	0.3	0.274	0.245
0.248	0.229	0.221	0.0	0.248	0.249	0.251	0.245	0.0	0.0	0.0	0.0	0.0	0.32	0.0	0.308	0.263	0.241	0.0	0.0	0.0	0.0	0.0	0.0	0.0	0.314	0.336	0.342	0.368	0.347	0.333	0.343	0.317	0.602	0.0	0.494	0.382	0.436	0.442	0.369	0.338	0.289	0.398	0.337	0.325	0.296	0.352	0.314	0.285	0.302	0.281	0.24	0.0	0.0	0.0	0.0	0.0	0.224	0.227	0.0	0.0	0.276	0.221	0.243	0.221	0.217	0.252	0.261	0.268	0.27	0.241	0.202	0.0	0.209	0.221	0.204	0.0	0.251	0.0	0.0	0.0	0.28	0.263	0.285	0.247	0.0	0.0	0.0	0.0	0.0	0.0	0.0	0.0	0.0	0.0	0.292	0.0	0.0	0.0	0.0
0.247	0.0	0.0	0.233	0.228	0.217	0.231	0.221	0.0	0.0	0.0	0.0	0.0	0.0	0.0	0.0	0.256	0.0	0.0	0.0	0.0	0.23	0.249	0.0	0.0	0.265	0.289	0.298	0.298	0.285	0.279	0.279	0.258	0.511	0.494	0.0	0.378	0.446	0.451	0.379	0.365	0.306	0.398	0.338	0.33	0.301	0.358	0.303	0.283	0.315	0.0	0.0	0.0	0.0	0.0	0.0	0.0	0.0	0.0	0.0	0.0	0.238	0.0	0.0	0.0	0.0	0.0	0.0	0.0	0.0	0.233	0.0	0.0	0.0	0.219	0.229	0.0	0.234	0.0	0.0	0.0	0.0	0.0	0.0	0.238	0.0	0.0	0.0	0.0	0.0	0.0	0.0	0.0	0.0	0.0	0.0	0.0	0.0	0.0	0.0
0.0	0.0	0.0	0.0	0.0	0.0	0.0	0.0	0.0	0.0	0.0	0.0	0.0	0.0	0.0	0.0	0.0	0.0	0.0	0.0	0.0	0.0	0.0	0.0	0.0	0.232	0.228	0.251	0.244	0.233	0.234	0.241	0.25	0.367	0.382	0.378	0.0	0.762	0.593	0.49	0.449	0.37	0.33	0.297	0.288	0.271	0.314	0.266	0.267	0.267	0.0	0.0	0.0	0.0	0.0	0.0	0.0	0.0	0.236	0.0	0.0	0.0	0.0	0.0	0.0	0.0	0.0	0.0	0.0	0.0	0.0	0.0	0.0	0.0	0.0	0.0	0.0	0.0	0.0	0.0	0.0	0.0	0.0	0.0	0.0	0.0	0.0	0.0	0.0	0.0	0.0	0.0	0.0	0.0	0.0	0.0	0.0	0.0	0.0	0.0
0.0	0.0	0.0	0.0	0.253	0.0	0.239	0.233	0.0	0.0	0.0	0.0	0.0	0.0	0.0	0.0	0.0	0.0	0.0	0.0	0.0	0.0	0.0	0.0	0.0	0.25	0.259	0.275	0.269	0.256	0.259	0.273	0.26	0.432	0.436	0.446	0.762	0.0	0.736	0.6	0.554	0.462	0.4	0.362	0.339	0.288	0.371	0.309	0.299	0.301	0.0	0.0	0.0	0.0	0.0	0.0	0.0	0.0	0.0	0.0	0.0	0.0	0.0	0.0	0.0	0.0	0.0	0.0	0.0	0.0	0.284	0.0	0.0	0.0	0.0	0.0	0.0	0.0	0.0	0.0	0.0	0.0	0.0	0.0	0.0	0.0	0.0	0.0	0.0	0.0	0.0	0.0	0.0	0.0	0.0	0.0	0.0	0.0	0.0	0.0
0.0	0.0	0.0	0.0	0.263	0.0	0.0	0.221	0.0	0.0	0.0	0.0	0.0	0.0	0.0	0.0	0.0	0.0	0.0	0.0	0.0	0.0	0.0	0.0	0.0	0.25	0.269	0.276	0.275	0.265	0.257	0.266	0.268	0.433	0.442	0.451	0.593	0.736	0.0	0.778	0.715	0.579	0.409	0.357	0.348	0.297	0.378	0.317	0.31	0.306	0.0	0.0	0.0	0.0	0.0	0.0	0.0	0.0	0.0	0.0	0.0	0.0	0.0	0.0	0.0	0.0	0.0	0.0	0.0	0.0	0.294	0.0	0.0	0.0	0.33	0.0	0.0	0.0	0.0	0.0	0.0	0.0	0.0	0.0	0.255	0.0	0.0	0.0	0.0	0.0	0.0	0.0	0.0	0.0	0.0	0.0	0.0	0.0	0.0	0.0
0.0	0.0	0.0	0.0	0.0	0.0	0.0	0.0	0.0	0.0	0.0	0.0	0.0	0.0	0.0	0.0	0.0	0.0	0.0	0.0	0.0	0.0	0.0	0.0	0.0	0.23	0.254	0.249	0.247	0.236	0.245	0.253	0.236	0.372	0.369	0.379	0.49	0.6	0.778	0.0	0.687	0.56	0.36	0.318	0.312	0.267	0.319	0.287	0.282	0.279	0.0	0.0	0.0	0.0	0.0	0.0	0.0	0.0	0.0	0.0	0.0	0.0	0.0	0.0	0.0	0.0	0.0	0.0	0.0	0.0	0.0	0.0	0.0	0.0	0.0	0.0	0.0	0.0	0.0	0.0	0.0	0.0	0.0	0.0	0.0	0.0	0.0	0.0	0.0	0.0	0.0	0.0	0.0	0.0	0.0	0.0	0.0	0.0	0.0	0.0
0.0	0.0	0.0	0.0	0.0	0.0	0.0	0.0	0.0	0.0	0.0	0.0	0.0	0.0	0.0	0.0	0.0	0.0	0.0	0.0	0.0	0.0	0.0	0.0	0.0	0.236	0.235	0.263	0.255	0.249	0.236	0.256	0.254	0.359	0.338	0.365	0.449	0.554	0.715	0.687	0.0	0.695	0.329	0.306	0.299	0.26	0.299	0.284	0.275	0.282	0.0	0.0	0.0	0.0	0.0	0.0	0.0	0.0	0.0	0.0	0.0	0.0	0.0	0.0	0.0	0.0	0.0	0.0	0.0	0.0	0.0	0.0	0.0	0.0	0.0	0.0	0.0	0.0	0.0	0.0	0.0	0.0	0.0	0.0	0.0	0.0	0.0	0.0	0.0	0.0	0.0	0.0	0.0	0.0	0.0	0.0	0.0	0.0	0.0	0.0
0.0	0.0	0.0	0.0	0.0	0.0	0.0	0.0	0.0	0.0	0.0	0.0	0.0	0.0	0.0	0.0	0.0	0.0	0.0	0.0	0.0	0.0	0.0	0.0	0.0	0.228	0.255	0.237	0.223	0.222	0.227	0.212	0.0	0.302	0.289	0.306	0.37	0.462	0.579	0.56	0.695	0.0	0.289	0.268	0.258	0.217	0.277	0.256	0.239	0.243	0.0	0.0	0.0	0.0	0.0	0.0	0.0	0.0	0.0	0.0	0.0	0.0	0.0	0.0	0.0	0.0	0.0	0.0	0.0	0.0	0.265	0.0	0.0	0.0	0.0	0.0	0.0	0.0	0.0	0.0	0.0	0.0	0.0	0.0	0.0	0.0	0.0	0.0	0.0	0.0	0.0	0.0	0.0	0.0	0.0	0.0	0.0	0.0	0.0	0.0
0.0	0.0	0.0	0.0	0.0	0.0	0.0	0.0	0.0	0.0	0.0	0.0	0.0	0.0	0.0	0.0	0.23	0.0	0.0	0.0	0.0	0.0	0.0	0.0	0.0	0.247	0.238	0.256	0.248	0.239	0.241	0.24	0.261	0.391	0.398	0.398	0.33	0.4	0.409	0.36	0.329	0.289	0.0	0.71	0.39	0.371	0.43	0.388	0.358	0.349	0.0	0.0	0.0	0.0	0.0	0.0	0.0	0.263	0.0	0.0	0.0	0.0	0.0	0.0	0.0	0.0	0.0	0.0	0.0	0.0	0.312	0.0	0.0	0.0	0.299	0.0	0.0	0.0	0.0	0.0	0.0	0.0	0.0	0.0	0.0	0.0	0.0	0.0	0.0	0.0	0.0	0.0	0.0	0.0	0.0	0.0	0.0	0.0	0.0	0.0
0.0	0.0	0.0	0.0	0.0	0.0	0.0	0.0	0.0	0.0	0.0	0.0	0.0	0.0	0.0	0.0	0.0	0.0	0.0	0.0	0.0	0.0	0.0	0.0	0.0	0.249	0.238	0.242	0.221	0.227	0.227	0.234	0.235	0.346	0.337	0.338	0.297	0.362	0.357	0.318	0.306	0.268	0.71	0.0	0.338	0.313	0.364	0.338	0.297	0.294	0.0	0.0	0.0	0.0	0.0	0.0	0.0	0.0	0.0	0.0	0.0	0.0	0.0	0.0	0.0	0.0	0.0	0.0	0.0	0.0	0.339	0.0	0.0	0.0	0.339	0.0	0.0	0.0	0.0	0.0	0.0	0.0	0.0	0.0	0.0	0.0	0.0	0.0	0.0	0.0	0.0	0.0	0.0	0.0	0.0	0.0	0.0	0.0	0.0	0.0
0.0	0.0	0.0	0.0	0.0	0.0	0.0	0.0	0.0	0.0	0.0	0.0	0.0	0.0	0.0	0.0	0.0	0.0	0.0	0.0	0.0	0.0	0.0	0.0	0.0	0.239	0.238	0.241	0.237	0.228	0.223	0.23	0.229	0.316	0.325	0.33	0.288	0.339	0.348	0.312	0.299	0.258	0.39	0.338	0.0	0.676	0.681	0.465	0.446	0.456	0.0	0.0	0.0	0.0	0.0	0.0	0.0	0.0	0.0	0.0	0.0	0.0	0.0	0.0	0.0	0.0	0.0	0.0	0.0	0.0	0.0	0.0	0.0	0.0	0.0	0.0	0.0	0.0	0.0	0.0	0.0	0.0	0.0	0.0	0.0	0.0	0.0	0.0	0.0	0.0	0.0	0.0	0.0	0.0	0.0	0.0	0.0	0.0	0.0	0.0
0.0	0.0	0.0	0.0	0.0	0.0	0.0	0.0	0.0	0.0	0.0	0.0	0.0	0.0	0.0	0.0	0.0	0.0	0.0	0.0	0.0	0.0	0.0	0.0	0.0	0.226	0.232	0.255	0.228	0.22	0.227	0.222	0.218	0.278	0.296	0.301	0.271	0.288	0.297	0.267	0.26	0.217	0.371	0.313	0.676	0.0	0.613	0.429	0.399	0.405	0.0	0.0	0.0	0.0	0.0	0.0	0.0	0.0	0.0	0.0	0.0	0.0	0.0	0.0	0.0	0.0	0.0	0.0	0.0	0.0	0.0	0.0	0.0	0.0	0.0	0.0	0.0	0.0	0.0	0.0	0.0	0.0	0.0	0.0	0.0	0.0	0.0	0.0	0.0	0.0	0.0	0.0	0.0	0.0	0.0	0.0	0.0	0.0	0.0	0.0
0.0	0.0	0.0	0.0	0.0	0.0	0.0	0.0	0.0	0.0	0.0	0.0	0.0	0.0	0.0	0.0	0.0	0.0	0.0	0.0	0.0	0.0	0.0	0.0	0.0	0.247	0.23	0.238	0.22	0.22	0.219	0.23	0.214	0.359	0.352	0.358	0.314	0.371	0.378	0.319	0.299	0.277	0.43	0.364	0.681	0.613	0.0	0.533	0.497	0.506	0.0	0.0	0.0	0.0	0.0	0.0	0.0	0.0	0.0	0.0	0.0	0.0	0.0	0.0	0.0	0.0	0.0	0.0	0.0	0.0	0.0	0.0	0.0	0.0	0.0	0.0	0.0	0.0	0.0	0.0	0.0	0.0	0.0	0.0	0.0	0.0	0.0	0.0	0.0	0.0	0.0	0.0	0.0	0.0	0.0	0.0	0.0	0.0	0.0	0.0
0.0	0.0	0.0	0.0	0.0	0.0	0.0	0.0	0.0	0.0	0.0	0.0	0.0	0.0	0.0	0.0	0.0	0.0	0.0	0.0	0.0	0.0	0.0	0.0	0.0	0.201	0.217	0.213	0.203	0.19	0.208	0.227	0.227	0.297	0.314	0.303	0.266	0.309	0.317	0.287	0.284	0.256	0.388	0.338	0.465	0.429	0.533	0.0	0.655	0.639	0.0	0.0	0.0	0.0	0.0	0.0	0.0	0.0	0.0	0.0	0.0	0.0	0.0	0.0	0.0	0.0	0.0	0.0	0.0	0.0	0.0	0.0	0.0	0.0	0.0	0.0	0.0	0.0	0.0	0.0	0.0	0.0	0.0	0.0	0.0	0.0	0.0	0.0	0.0	0.0	0.0	0.0	0.0	0.0	0.0	0.0	0.0	0.0	0.0	0.0
0.0	0.0	0.0	0.0	0.0	0.0	0.0	0.0	0.0	0.0	0.0	0.0	0.0	0.0	0.0	0.0	0.0	0.0	0.0	0.0	0.0	0.0	0.0	0.0	0.0	0.0	0.23	0.233	0.21	0.202	0.221	0.234	0.231	0.295	0.285	0.283	0.267	0.299	0.31	0.282	0.275	0.239	0.358	0.297	0.446	0.399	0.497	0.655	0.0	0.6	0.0	0.0	0.0	0.0	0.0	0.0	0.0	0.0	0.0	0.0	0.0	0.0	0.0	0.0	0.0	0.0	0.0	0.0	0.0	0.0	0.0	0.0	0.0	0.0	0.0	0.0	0.0	0.0	0.0	0.0	0.0	0.0	0.0	0.0	0.0	0.0	0.0	0.0	0.0	0.0	0.0	0.0	0.0	0.0	0.0	0.0	0.0	0.0	0.0	0.0
0.0	0.0	0.0	0.0	0.0	0.0	0.0	0.0	0.0	0.0	0.0	0.0	0.0	0.0	0.0	0.0	0.0	0.0	0.0	0.0	0.0	0.0	0.0	0.0	0.0	0.0	0.219	0.0	0.0	0.223	0.0	0.212	0.266	0.303	0.302	0.315	0.267	0.301	0.306	0.279	0.282	0.243	0.349	0.294	0.456	0.405	0.506	0.639	0.6	0.0	0.0	0.0	0.0	0.0	0.0	0.0	0.0	0.0	0.0	0.0	0.0	0.0	0.0	0.0	0.0	0.0	0.0	0.0	0.0	0.0	0.0	0.0	0.0	0.0	0.0	0.0	0.0	0.0	0.0	0.0	0.0	0.0	0.0	0.0	0.0	0.0	0.0	0.0	0.0	0.0	0.0	0.0	0.0	0.0	0.0	0.0	0.0	0.0	0.0	0.0
0.248	0.229	0.0	0.0	0.273	0.249	0.255	0.276	0.266	0.0	0.0	0.212	0.256	0.226	0.271	0.234	0.263	0.242	0.0	0.0	0.0	0.235	0.237	0.216	0.24	0.251	0.296	0.283	0.229	0.222	0.336	0.217	0.206	0.283	0.281	0.0	0.0	0.0	0.0	0.0	0.0	0.0	0.0	0.0	0.0	0.0	0.0	0.0	0.0	0.0	0.0	0.542	0.422	0.438	0.351	0.337	0.377	0.487	0.387	0.279	0.278	0.335	0.325	0.348	0.33	0.338	0.342	0.334	0.367	0.332	0.483	0.308	0.316	0.326	0.398	0.281	0.274	0.269	0.24	0.271	0.233	0.325	0.318	0.307	0.338	0.252	0.253	0.282	0.252	0.281	0.273	0.265	0.235	0.29	0.267	0.274	0.286	0.268	0.278	0.263
0.239	0.227	0.234	0.238	0.253	0.229	0.236	0.251	0.259	0.0	0.0	0.22	0.0	0.223	0.218	0.219	0.27	0.231	0.0	0.0	0.206	0.216	0.231	0.227	0.0	0.255	0.29	0.291	0.225	0.242	0.294	0.239	0.232	0.241	0.24	0.0	0.0	0.0	0.0	0.0	0.0	0.0	0.0	0.0	0.0	0.0	0.0	0.0	0.0	0.0	0.542	0.0	0.719	0.421	0.34	0.31	0.368	0.489	0.385	0.302	0.304	0.352	0.325	0.349	0.345	0.342	0.342	0.345	0.377	0.336	0.494	0.318	0.331	0.321	0.398	0.245	0.246	0.254	0.23	0.0	0.212	0.31	0.318	0.316	0.325	0.246	0.251	0.27	0.221	0.235	0.278	0.263	0.237	0.279	0.244	0.269	0.274	0.258	0.257	0.262
0.0	0.0	0.0	0.0	0.229	0.0	0.214	0.214	0.0	0.0	0.0	0.0	0.0	0.0	0.0	0.0	0.235	0.0	0.0	0.0	0.0	0.0	0.0	0.0	0.0	0.237	0.248	0.243	0.0	0.0	0.0	0.0	0.0	0.0	0.0	0.0	0.0	0.0	0.0	0.0	0.0	0.0	0.0	0.0	0.0	0.0	0.0	0.0	0.0	0.0	0.422	0.719	0.0	0.326	0.272	0.258	0.305	0.375	0.319	0.284	0.269	0.281	0.267	0.277	0.271	0.282	0.281	0.29	0.303	0.284	0.383	0.265	0.27	0.274	0.313	0.219	0.215	0.235	0.0	0.0	0.0	0.25	0.262	0.253	0.267	0.212	0.0	0.213	0.0	0.0	0.228	0.22	0.0	0.231	0.0	0.222	0.232	0.237	0.282	0.222
0.224	0.0	0.0	0.0	0.259	0.0	0.229	0.243	0.227	0.0	0.0	0.0	0.0	0.0	0.0	0.236	0.236	0.0	0.0	0.0	0.0	0.0	0.0	0.0	0.0	0.243	0.261	0.248	0.0	0.0	0.0	0.197	0.226	0.23	0.0	0.0	0.0	0.0	0.0	0.0	0.0	0.0	0.0	0.0	0.0	0.0	0.0	0.0	0.0	0.0	0.438	0.421	0.326	0.0	0.553	0.508	0.596	0.655	0.333	0.273	0.268	0.301	0.288	0.284	0.297	0.293	0.29	0.291	0.321	0.271	0.4	0.276	0.288	0.281	0.315	0.237	0.229	0.217	0.236	0.0	0.22	0.247	0.253	0.239	0.267	0.235	0.0	0.0	0.0	0.0	0.27	0.243	0.263	0.251	0.243	0.0	0.254	0.238	0.233	0.251
0.0	0.0	0.0	0.0	0.26	0.273	0.0	0.229	0.0	0.0	0.0	0.0	0.0	0.0	0.0	0.0	0.201	0.0	0.0	0.0	0.0	0.0	0.0	0.0	0.0	0.21	0.233	0.237	0.0	0.0	0.0	0.0	0.205	0.0	0.0	0.0	0.0	0.0	0.0	0.0	0.0	0.0	0.0	0.0	0.0	0.0	0.0	0.0	0.0	0.0	0.351	0.34	0.272	0.553	0.0	0.56	0.653	0.516	0.289	0.228	0.23	0.261	0.252	0.263	0.26	0.247	0.264	0.259	0.273	0.245	0.336	0.248	0.25	0.251	0.277	0.213	0.217	0.202	0.0	0.0	0.0	0.222	0.241	0.22	0.24	0.0	0.0	0.0	0.0	0.0	0.235	0.0	0.0	0.211	0.0	0.0	0.0	0.0	0.0	0.235
0.0	0.0	0.0	0.0	0.0	0.0	0.0	0.0	0.0	0.0	0.0	0.0	0.0	0.0	0.0	0.0	0.272	0.0	0.0	0.0	0.0	0.0	0.0	0.0	0.0	0.0	0.226	0.243	0.0	0.0	0.0	0.0	0.0	0.0	0.0	0.0	0.0	0.0	0.0	0.0	0.0	0.0	0.0	0.0	0.0	0.0	0.0	0.0	0.0	0.0	0.337	0.31	0.258	0.508	0.56	0.0	0.7	0.482	0.28	0.23	0.224	0.255	0.243	0.262	0.254	0.257	0.261	0.244	0.26	0.244	0.314	0.259	0.251	0.239	0.281	0.196	0.221	0.227	0.0	0.234	0.0	0.229	0.226	0.273	0.227	0.0	0.0	0.0	0.0	0.0	0.227	0.244	0.0	0.213	0.0	0.0	0.0	0.0	0.0	0.287
0.0	0.0	0.0	0.0	0.242	0.263	0.228	0.237	0.226	0.0	0.0	0.0	0.0	0.0	0.0	0.21	0.244	0.0	0.0	0.0	0.0	0.0	0.0	0.0	0.0	0.236	0.246	0.272	0.0	0.216	0.0	0.0	0.209	0.22	0.0	0.0	0.0	0.0	0.0	0.0	0.0	0.0	0.0	0.0	0.0	0.0	0.0	0.0	0.0	0.0	0.377	0.368	0.305	0.596	0.653	0.7	0.0	0.572	0.312	0.255	0.247	0.283	0.265	0.284	0.273	0.265	0.277	0.277	0.289	0.266	0.365	0.289	0.29	0.276	0.308	0.233	0.226	0.229	0.0	0.0	0.0	0.253	0.261	0.247	0.267	0.252	0.262	0.278	0.0	0.0	0.259	0.221	0.0	0.252	0.0	0.291	0.241	0.226	0.241	0.238
0.254	0.23	0.235	0.231	0.265	0.236	0.247	0.253	0.242	0.0	0.0	0.0	0.26	0.0	0.215	0.25	0.275	0.247	0.0	0.0	0.235	0.269	0.256	0.263	0.0	0.258	0.289	0.277	0.226	0.228	0.229	0.225	0.233	0.265	0.224	0.0	0.0	0.0	0.0	0.0	0.0	0.0	0.263	0.0	0.0	0.0	0.0	0.0	0.0	0.0	0.487	0.489	0.375	0.655	0.516	0.482	0.572	0.0	0.368	0.288	0.286	0.324	0.316	0.344	0.333	0.336	0.334	0.33	0.355	0.32	0.466	0.321	0.332	0.324	0.386	0.251	0.249	0.259	0.222	0.21	0.262	0.295	0.294	0.283	0.313	0.244	0.231	0.237	0.216	0.226	0.283	0.257	0.233	0.266	0.241	0.251	0.267	0.254	0.247	0.248
0.25	0.238	0.247	0.244	0.282	0.256	0.268	0.27	0.248	0.0	0.0	0.225	0.232	0.251	0.228	0.242	0.289	0.235	0.241	0.229	0.0	0.248	0.256	0.244	0.224	0.281	0.311	0.316	0.238	0.25	0.235	0.241	0.255	0.25	0.227	0.0	0.236	0.0	0.0	0.0	0.0	0.0	0.0	0.0	0.0	0.0	0.0	0.0	0.0	0.0	0.387	0.385	0.319	0.333	0.289	0.28	0.312	0.368	0.0	0.648	0.67	0.64	0.597	0.62	0.601	0.571	0.579	0.593	0.671	0.589	0.541	0.349	0.342	0.354	0.435	0.292	0.289	0.283	0.228	0.226	0.262	0.321	0.315	0.303	0.339	0.285	0.271	0.261	0.0	0.237	0.287	0.276	0.255	0.276	0.26	0.276	0.302	0.288	0.288	0.274
0.246	0.0	0.276	0.258	0.248	0.204	0.238	0.245	0.218	0.0	0.0	0.0	0.0	0.0	0.0	0.0	0.255	0.0	0.0	0.22	0.0	0.0	0.227	0.253	0.0	0.229	0.265	0.258	0.231	0.23	0.24	0.25	0.215	0.215	0.0	0.0	0.0	0.0	0.0	0.0	0.0	0.0	0.0	0.0	0.0	0.0	0.0	0.0	0.0	0.0	0.279	0.302	0.284	0.273	0.228	0.23	0.255	0.288	0.648	0.0	0.774	0.454	0.421	0.43	0.42	0.408	0.428	0.423	0.466	0.429	0.376	0.268	0.273	0.269	0.312	0.221	0.255	0.242	0.0	0.0	0.222	0.284	0.259	0.257	0.285	0.238	0.23	0.241	0.0	0.0	0.254	0.24	0.213	0.233	0.231	0.242	0.24	0.232	0.239	0.239
0.0	0.0	0.0	0.0	0.23	0.223	0.234	0.252	0.225	0.0	0.0	0.0	0.0	0.0	0.0	0.0	0.257	0.0	0.0	0.238	0.0	0.0	0.238	0.206	0.0	0.237	0.247	0.255	0.231	0.243	0.229	0.222	0.0	0.249	0.0	0.0	0.0	0.0	0.0	0.0	0.0	0.0	0.0	0.0	0.0	0.0	0.0	0.0	0.0	0.0	0.278	0.304	0.269	0.268	0.23	0.224	0.247	0.286	0.67	0.774	0.0	0.475	0.439	0.446	0.438	0.423	0.436	0.441	0.487	0.436	0.386	0.255	0.282	0.276	0.318	0.222	0.25	0.244	0.0	0.0	0.232	0.272	0.275	0.254	0.285	0.242	0.244	0.218	0.0	0.0	0.259	0.242	0.217	0.247	0.229	0.234	0.278	0.275	0.243	0.235
0.253	0.251	0.219	0.245	0.25	0.229	0.249	0.247	0.251	0.0	0.0	0.0	0.0	0.211	0.0	0.225	0.281	0.0	0.0	0.0	0.0	0.0	0.225	0.23	0.0	0.262	0.272	0.273	0.229	0.233	0.234	0.231	0.225	0.286	0.276	0.238	0.0	0.0	0.0	0.0	0.0	0.0	0.0	0.0	0.0	0.0	0.0	0.0	0.0	0.0	0.335	0.352	0.281	0.301	0.261	0.255	0.283	0.324	0.64	0.454	0.475	0.0	0.611	0.623	0.614	0.586	0.59	0.581	0.653	0.571	0.46	0.297	0.291	0.314	0.378	0.24	0.251	0.26	0.241	0.246	0.249	0.274	0.284	0.264	0.294	0.242	0.224	0.216	0.0	0.0	0.271	0.258	0.223	0.273	0.244	0.242	0.257	0.253	0.265	0.269
0.227	0.228	0.23	0.28	0.243	0.219	0.231	0.246	0.249	0.0	0.0	0.0	0.229	0.0	0.0	0.244	0.273	0.234	0.0	0.229	0.0	0.327	0.238	0.271	0.0	0.264	0.279	0.275	0.229	0.223	0.225	0.239	0.241	0.232	0.221	0.0	0.0	0.0	0.0	0.0	0.0	0.0	0.0	0.0	0.0	0.0	0.0	0.0	0.0	0.0	0.325	0.325	0.267	0.288	0.252	0.243	0.265	0.316	0.597	0.421	0.439	0.611	0.0	0.786	0.771	0.608	0.601	0.538	0.606	0.55	0.437	0.292	0.287	0.297	0.356	0.257	0.263	0.264	0.243	0.238	0.235	0.277	0.298	0.295	0.304	0.227	0.234	0.224	0.0	0.0	0.268	0.248	0.206	0.258	0.242	0.249	0.247	0.242	0.252	0.254
0.232	0.235	0.266	0.0	0.242	0.218	0.22	0.231	0.244	0.0	0.0	0.219	0.0	0.0	0.0	0.227	0.275	0.239	0.0	0.0	0.246	0.0	0.235	0.0	0.0	0.271	0.283	0.282	0.219	0.255	0.0	0.231	0.245	0.245	0.243	0.0	0.0	0.0	0.0	0.0	0.0	0.0	0.0	0.0	0.0	0.0	0.0	0.0	0.0	0.0	0.348	0.349	0.277	0.284	0.263	0.262	0.284	0.344	0.62	0.43	0.446	0.623	0.786	0.0	0.805	0.617	0.623	0.537	0.612	0.557	0.46	0.3	0.3	0.324	0.374	0.258	0.256	0.268	0.231	0.223	0.22	0.298	0.293	0.295	0.299	0.27	0.245	0.238	0.0	0.0	0.282	0.259	0.239	0.267	0.247	0.254	0.26	0.257	0.261	0.269
0.222	0.257	0.268	0.304	0.244	0.252	0.22	0.234	0.238	0.0	0.0	0.0	0.0	0.217	0.0	0.0	0.266	0.245	0.37	0.225	0.0	0.326	0.235	0.279	0.266	0.261	0.294	0.288	0.238	0.238	0.291	0.227	0.25	0.236	0.221	0.0	0.0	0.0	0.0	0.0	0.0	0.0	0.0	0.0	0.0	0.0	0.0	0.0	0.0	0.0	0.33	0.345	0.271	0.297	0.26	0.254	0.273	0.333	0.601	0.42	0.438	0.614	0.771	0.805	0.0	0.6	0.602	0.53	0.605	0.546	0.432	0.306	0.293	0.31	0.362	0.267	0.269	0.268	0.236	0.233	0.24	0.295	0.288	0.283	0.303	0.23	0.218	0.24	0.0	0.0	0.272	0.251	0.238	0.253	0.24	0.249	0.249	0.239	0.253	0.269
0.234	0.238	0.23	0.258	0.26	0.221	0.246	0.255	0.239	0.0	0.0	0.0	0.218	0.206	0.0	0.0	0.259	0.241	0.279	0.27	0.251	0.222	0.248	0.252	0.0	0.259	0.268	0.283	0.234	0.227	0.264	0.237	0.232	0.23	0.217	0.0	0.0	0.0	0.0	0.0	0.0	0.0	0.0	0.0	0.0	0.0	0.0	0.0	0.0	0.0	0.338	0.342	0.282	0.293	0.247	0.257	0.265	0.336	0.571	0.408	0.423	0.586	0.608	0.617	0.6	0.0	0.786	0.525	0.587	0.537	0.437	0.312	0.314	0.315	0.363	0.245	0.248	0.245	0.0	0.242	0.241	0.272	0.273	0.259	0.288	0.237	0.235	0.0	0.0	0.0	0.253	0.242	0.216	0.25	0.227	0.244	0.235	0.261	0.244	0.248
0.233	0.21	0.213	0.0	0.262	0.253	0.248	0.253	0.252	0.0	0.0	0.23	0.341	0.218	0.0	0.0	0.268	0.251	0.258	0.268	0.392	0.297	0.246	0.284	0.265	0.253	0.266	0.274	0.216	0.235	0.0	0.0	0.0	0.223	0.252	0.0	0.0	0.0	0.0	0.0	0.0	0.0	0.0	0.0	0.0	0.0	0.0	0.0	0.0	0.0	0.342	0.342	0.281	0.29	0.264	0.261	0.277	0.334	0.579	0.428	0.436	0.59	0.601	0.623	0.602	0.786	0.0	0.519	0.589	0.531	0.438	0.311	0.303	0.312	0.354	0.244	0.243	0.25	0.231	0.24	0.241	0.285	0.28	0.269	0.293	0.243	0.24	0.247	0.0	0.0	0.26	0.248	0.23	0.262	0.244	0.274	0.247	0.242	0.267	0.254
0.0	0.244	0.22	0.241	0.246	0.283	0.24	0.251	0.249	0.0	0.0	0.266	0.228	0.232	0.211	0.208	0.266	0.0	0.0	0.0	0.0	0.0	0.236	0.212	0.0	0.263	0.288	0.285	0.256	0.219	0.0	0.221	0.339	0.234	0.261	0.0	0.0	0.0	0.0	0.0	0.0	0.0	0.0	0.0	0.0	0.0	0.0	0.0	0.0	0.0	0.334	0.345	0.29	0.291	0.259	0.244	0.277	0.33	0.593	0.423	0.441	0.581	0.538	0.537	0.53	0.525	0.519	0.0	0.863	0.584	0.454	0.306	0.292	0.323	0.37	0.239	0.26	0.247	0.0	0.0	0.231	0.289	0.291	0.274	0.297	0.256	0.246	0.237	0.0	0.0	0.268	0.252	0.231	0.259	0.245	0.245	0.246	0.246	0.249	0.245
0.245	0.237	0.236	0.234	0.264	0.24	0.259	0.27	0.272	0.0	0.0	0.0	0.219	0.233	0.225	0.23	0.287	0.248	0.26	0.259	0.0	0.308	0.273	0.231	0.0	0.273	0.294	0.309	0.242	0.237	0.233	0.24	0.338	0.247	0.268	0.0	0.0	0.0	0.0	0.0	0.0	0.0	0.0	0.0	0.0	0.0	0.0	0.0	0.0	0.0	0.367	0.377	0.303	0.321	0.273	0.26	0.289	0.355	0.671	0.466	0.487	0.653	0.606	0.612	0.605	0.587	0.589	0.863	0.0	0.657	0.498	0.32	0.316	0.346	0.406	0.261	0.277	0.262	0.23	0.228	0.239	0.309	0.31	0.304	0.325	0.26	0.251	0.237	0.0	0.24	0.284	0.27	0.249	0.271	0.26	0.267	0.267	0.263	0.272	0.271
0.0	0.0	0.0	0.0	0.257	0.414	0.253	0.251	0.25	0.0	0.0	0.224	0.262	0.241	0.0	0.0	0.288	0.247	0.25	0.259	0.274	0.236	0.253	0.0	0.234	0.254	0.277	0.283	0.251	0.0	0.0	0.0	0.0	0.243	0.27	0.0	0.0	0.0	0.0	0.0	0.0	0.0	0.0	0.0	0.0	0.0	0.0	0.0	0.0	0.0	0.332	0.336	0.284	0.271	0.245	0.244	0.266	0.32	0.589	0.429	0.436	0.571	0.55	0.557	0.546	0.537	0.531	0.584	0.657	0.0	0.444	0.293	0.297	0.297	0.371	0.25	0.27	0.264	0.0	0.237	0.225	0.296	0.284	0.272	0.306	0.244	0.236	0.232	0.0	0.24	0.278	0.25	0.241	0.268	0.24	0.248	0.251	0.251	0.251	0.26
0.279	0.271	0.267	0.267	0.344	0.287	0.32	0.341	0.294	0.275	0.0	0.247	0.246	0.262	0.241	0.276	0.366	0.25	0.243	0.24	0.259	0.262	0.278	0.273	0.265	0.343	0.407	0.426	0.288	0.283	0.288	0.287	0.259	0.303	0.241	0.233	0.0	0.284	0.294	0.0	0.0	0.265	0.312	0.339	0.0	0.0	0.0	0.0	0.0	0.0	0.483	0.494	0.383	0.4	0.336	0.314	0.365	0.466	0.541	0.376	0.386	0.46	0.437	0.46	0.432	0.437	0.438	0.454	0.498	0.444	0.0	0.567	0.567	0.613	0.758	0.329	0.333	0.35	0.285	0.29	0.291	0.443	0.423	0.394	0.484	0.323	0.3	0.294	0.258	0.29	0.372	0.349	0.305	0.359	0.323	0.342	0.337	0.329	0.336	0.348
0.0	0.0	0.222	0.22	0.248	0.0	0.225	0.233	0.235	0.0	0.0	0.0	0.0	0.245	0.0	0.231	0.26	0.0	0.0	0.243	0.0	0.0	0.214	0.0	0.0	0.252	0.27	0.271	0.225	0.222	0.228	0.23	0.0	0.228	0.202	0.0	0.0	0.0	0.0	0.0	0.0	0.0	0.0	0.0	0.0	0.0	0.0	0.0	0.0	0.0	0.308	0.318	0.265	0.276	0.248	0.259	0.289	0.321	0.349	0.268	0.255	0.297	0.292	0.3	0.306	0.312	0.311	0.306	0.32	0.293	0.567	0.0	0.866	0.564	0.579	0.262	0.288	0.265	0.241	0.241	0.249	0.301	0.301	0.283	0.32	0.24	0.236	0.242	0.0	0.239	0.27	0.255	0.261	0.257	0.257	0.246	0.246	0.242	0.237	0.254
0.0	0.213	0.22	0.22	0.257	0.238	0.235	0.243	0.236	0.0	0.0	0.0	0.0	0.225	0.0	0.228	0.257	0.0	0.0	0.0	0.0	0.0	0.0	0.222	0.0	0.251	0.279	0.292	0.218	0.223	0.217	0.227	0.223	0.229	0.0	0.0	0.0	0.0	0.0	0.0	0.0	0.0	0.0	0.0	0.0	0.0	0.0	0.0	0.0	0.0	0.316	0.331	0.27	0.288	0.25	0.251	0.29	0.332	0.342	0.273	0.282	0.291	0.287	0.3	0.293	0.314	0.303	0.292	0.316	0.297	0.567	0.866	0.0	0.568	0.576	0.269	0.285	0.252	0.243	0.243	0.24	0.302	0.305	0.288	0.321	0.251	0.248	0.246	0.0	0.235	0.25	0.255	0.266	0.265	0.234	0.244	0.235	0.231	0.228	0.245
0.232	0.241	0.243	0.263	0.262	0.235	0.245	0.264	0.239	0.0	0.0	0.24	0.222	0.264	0.0	0.0	0.262	0.239	0.215	0.244	0.0	0.22	0.227	0.23	0.23	0.254	0.312	0.299	0.223	0.23	0.226	0.233	0.226	0.241	0.209	0.0	0.0	0.0	0.0	0.0	0.0	0.0	0.0	0.0	0.0	0.0	0.0	0.0	0.0	0.0	0.326	0.321	0.274	0.281	0.251	0.239	0.276	0.324	0.354	0.269	0.276	0.314	0.297	0.324	0.31	0.315	0.312	0.323	0.346	0.297	0.613	0.564	0.568	0.0	0.62	0.248	0.265	0.268	0.239	0.23	0.233	0.313	0.312	0.306	0.328	0.232	0.237	0.236	0.0	0.219	0.274	0.249	0.244	0.268	0.243	0.255	0.262	0.243	0.272	0.251
0.254	0.246	0.241	0.244	0.302	0.261	0.278	0.3	0.262	0.0	0.0	0.221	0.213	0.237	0.243	0.243	0.303	0.252	0.245	0.217	0.278	0.23	0.248	0.259	0.281	0.296	0.331	0.354	0.244	0.243	0.239	0.248	0.228	0.255	0.221	0.219	0.0	0.0	0.33	0.0	0.0	0.0	0.299	0.339	0.0	0.0	0.0	0.0	0.0	0.0	0.398	0.398	0.313	0.315	0.277	0.281	0.308	0.386	0.435	0.312	0.318	0.378	0.356	0.374	0.362	0.363	0.354	0.37	0.406	0.371	0.758	0.579	0.576	0.62	0.0	0.29	0.295	0.302	0.262	0.265	0.269	0.37	0.34	0.314	0.397	0.284	0.271	0.257	0.232	0.261	0.328	0.295	0.279	0.322	0.312	0.319	0.291	0.285	0.29	0.313
0.23	0.234	0.236	0.232	0.253	0.258	0.253	0.248	0.236	0.0	0.0	0.0	0.0	0.0	0.0	0.212	0.223	0.0	0.0	0.0	0.0	0.241	0.237	0.0	0.0	0.251	0.27	0.262	0.233	0.221	0.262	0.255	0.263	0.212	0.204	0.229	0.0	0.0	0.0	0.0	0.0	0.0	0.0	0.0	0.0	0.0	0.0	0.0	0.0	0.0	0.281	0.245	0.219	0.237	0.213	0.196	0.233	0.251	0.292	0.221	0.222	0.24	0.257	0.258	0.267	0.245	0.244	0.239	0.261	0.25	0.329	0.262	0.269	0.248	0.29	0.0	0.765	0.757	0.368	0.374	0.41	0.372	0.31	0.301	0.378	0.272	0.259	0.26	0.242	0.262	0.319	0.283	0.246	0.313	0.266	0.288	0.285	0.276	0.291	0.301
0.262	0.0	0.333	0.324	0.251	0.25	0.256	0.246	0.235	0.0	0.0	0.0	0.0	0.0	0.0	0.245	0.245	0.0	0.0	0.0	0.0	0.0	0.215	0.0	0.0	0.251	0.253	0.264	0.0	0.0	0.0	0.214	0.21	0.216	0.0	0.0	0.0	0.0	0.0	0.0	0.0	0.0	0.0	0.0	0.0	0.0	0.0	0.0	0.0	0.0	0.274	0.246	0.215	0.229	0.217	0.221	0.226	0.249	0.289	0.255	0.25	0.251	0.263	0.256	0.269	0.248	0.243	0.26	0.277	0.27	0.333	0.288	0.285	0.265	0.295	0.765	0.0	0.753	0.377	0.379	0.407	0.388	0.324	0.312	0.382	0.277	0.248	0.253	0.241	0.26	0.302	0.286	0.249	0.298	0.279	0.277	0.284	0.282	0.291	0.302
0.251	0.487	0.326	0.319	0.251	0.244	0.247	0.252	0.234	0.0	0.0	0.0	0.0	0.225	0.0	0.203	0.251	0.0	0.0	0.0	0.0	0.0	0.227	0.0	0.0	0.253	0.268	0.275	0.228	0.263	0.218	0.243	0.268	0.228	0.251	0.234	0.0	0.0	0.0	0.0	0.0	0.0	0.0	0.0	0.0	0.0	0.0	0.0	0.0	0.0	0.269	0.254	0.235	0.217	0.202	0.227	0.229	0.259	0.283	0.242	0.244	0.26	0.264	0.268	0.268	0.245	0.25	0.247	0.262	0.264	0.35	0.265	0.252	0.268	0.302	0.757	0.753	0.0	0.39	0.391	0.426	0.394	0.343	0.312	0.387	0.284	0.266	0.258	0.259	0.255	0.318	0.293	0.256	0.315	0.273	0.285	0.301	0.298	0.292	0.309
